10
10 4
1 4 2 3 3 1 4 1 3 4 
10 6
3 4 2 6 6 1 9 9 10 4 
10 10
10 7 5 7 8 9 2 6 4 2 
100 20
15 18 6 3 19 4 5 13 7 11 14 10 5 19 20 19 17 4 6 13 17 9 5 17 12 9 20 2 13 12 19 7 17 18 3 14 13 7 17 14 20 5 11 12 10 9 7 11 1 3 18 9 14 5 4 14 19 14 19 11 1 11 20 18 12 5 16 12 10 9 9 11 16 19 16 2 8 5 4 5 13 20 20 7 13 17 10 8 6 17 3 17 10 9 15 13 8 12 5 19 
100 50
31 39 9 19 16 29 33 49 12 9 44 29 3 42 8 45 41 27 9 40 17 15 48 46 5 21 14 17 41 40 23 43 15 32 27 19 25 16 37 26 33 23 16 15 23 43 19 22 44 17 8 47 29 43 47 37 41 5 4 13 7 15 22 35 47 42 15 36 8 41 46 36 46 39 47 20 43 12 13 14 30 4 24 30 46 33 21 27 21 16 35 25 1 44 41 21 26 3 34 5 
100 120
17 80 81 24 71 82 21 39 67 56 70 57 6 71 3 55 29 23 45 41 96 31 91 118 55 50 26 71 23 99 67 37 73 21 66 30 73 28 2 59 74 116 17 70 88 9 68 52 44 92 67 63 78 67 44 57 8 27 75 6 26 55 11 23 65 32 100 9 40 101 117 106 91 90 92 100 17 100 106 7 15 1 98 94 20 111 58 113 56 40 2 64 120 59 66 87 61 87 71 49 
1000 300
11 84 31 15 86 105 116 96 94 44 47 69 166 150 146 61 28 169 146 26 6 42 66 142 103 30 74 85 142 143 174 54 131 157 141 90 37 198 123 82 125 167 12 153 178 26 89 43 55 120 83 79 172 129 121 79 184 48 97 9 51 88 38 7 108 48 85 123 47 67 107 2 95 188 187 109 149 187 159 46 147 103 158 157 198 186 83 15 84 34 181 84 136 32 58 149 167 100 126 27 59 9 145 57 67 34 154 33 196 39 129 117 191 91 109 76 171 50 106 123 76 59 110 125 148 78 15 127 162 159 67 99 138 188 116 42 145 95 51 30 153 7 103 45 142 122 120 172 199 75 168 51 145 91 61 74 86 80 175 191 113 51 123 57 138 89 3 72 74 62 110 13 99 157 85 46 82 94 18 71 11 108 101 175 106 164 71 132 53 182 185 6 193 109 48 138 19 30 62 153 87 16 53 164 137 61 197 94 136 17 131 103 192 124 82 87 185 191 155 135 160 16 16 106 168 149 115 33 16 115 22 6 5 164 128 30 26 123 160 114 30 119 184 171 81 108 161 152 38 23 65 182 85 146 162 10 78 94 143 84 59 43 149 138 187 32 197 83 64 142 3 8 104 188 58 65 113 188 46 103 28 167 111 118 76 163 85 179 178 52 174 122 36 165 154 167 132 99 82 123 13 135 45 149 175 183 188 31 13 15 139 85 147 148 22 61 8 29 113 30 125 41 200 162 117 192 148 194 123 88 148 130 86 10 109 111 49 77 19 184 35 198 16 159 196 121 62 181 87 74 184 190 13 166 143 139 119 150 58 24 130 103 150 171 172 77 198 56 79 161 104 182 64 183 164 45 3 137 197 129 7 37 44 15 62 44 78 106 123 189 77 41 158 20 118 151 123 29 12 170 185 197 61 132 147 189 163 123 100 56 107 116 158 163 93 142 151 79 116 72 148 42 180 133 49 123 99 20 78 150 124 147 106 14 175 166 99 188 123 78 48 107 53 43 75 148 80 107 11 191 126 94 61 128 80 59 127 192 146 25 47 196 197 125 120 166 47 54 136 136 162 1 12 108 191 80 151 133 50 197 57 188 119 20 151 112 36 77 102 45 161 16 143 105 58 72 2 25 101 68 173 59 144 134 184 122 140 94 189 149 143 168 77 198 69 77 146 111 113 14 16 122 181 197 60 172 19 21 37 137 131 103 167 181 62 71 56 178 191 130 6 10 34 1 167 137 195 119 80 153 92 191 45 128 121 135 4 70 46 154 80 24 112 41 108 109 73 2 147 26 179 137 93 62 37 113 121 41 86 111 11 83 25 192 145 116 161 8 77 115 183 139 72 30 44 168 66 64 179 14 179 160 193 151 118 174 46 20 66 40 79 77 191 119 46 94 155 33 191 114 101 188 23 115 198 27 58 43 80 165 162 37 95 74 142 121 81 182 131 43 148 184 90 88 83 62 33 130 145 100 95 25 107 108 29 126 100 162 170 10 103 158 168 42 140 178 173 189 124 188 188 71 71 119 85 104 30 151 109 22 15 57 97 186 58 44 102 9 140 61 83 168 196 2 143 92 182 163 131 20 178 101 33 172 83 13 14 67 169 171 10 145 145 49 145 175 35 192 8 127 112 79 35 186 168 97 110 34 87 11 81 181 80 33 149 51 14 131 183 42 8 9 87 158 94 162 156 5 65 93 46 156 1 199 110 173 75 172 113 53 145 63 65 168 118 144 79 162 158 65 88 6 34 66 165 70 150 18 105 77 2 200 169 117 198 186 182 188 156 9 190 64 142 128 122 87 45 137 80 68 19 4 85 96 188 106 58 166 128 6 163 183 58 100 156 69 163 187 122 14 33 35 15 165 85 49 153 184 128 200 9 51 87 64 122 93 181 172 121 179 21 176 87 167 186 184 35 33 131 181 52 169 148 146 179 131 178 117 34 21 60 4 80 175 86 62 119 169 62 136 61 116 99 174 64 18 105 164 150 188 80 81 43 176 62 194 121 167 44 133 183 108 110 148 52 190 53 144 188 76 37 111 199 124 59 35 196 36 185 47 86 101 142 84 70 76 191 116 117 97 3 120 174 182 131 52 77 99 75 60 119 189 135 107 171 21 23 15 44 26 179 151 41 12 60 73 17 200 9 120 109 21 190 91 200 133 18 98 2 166 83 89 99 197 130 135 98 63 186 83 17 159 198 176 44 172 107 68 123 181 80 114 192 9 139 60 193 186 10 35 107 174 80 15 99 44 106 171 183 169 
1000 700
425 218 26 254 513 440 90 95 146 443 322 76 564 661 510 163 691 357 650 457 160 44 372 489 124 550 321 422 259 548 621 671 434 47 317 90 10 258 511 184 439 328 143 45 487 535 75 131 26 258 440 691 608 292 683 247 59 135 483 378 159 207 313 161 44 268 195 363 514 648 555 141 631 16 359 340 93 386 600 166 94 598 500 661 9 503 498 615 628 414 377 233 509 626 486 265 624 551 2 250 501 654 124 114 360 473 278 308 13 337 477 15 371 507 222 204 34 454 140 448 5 575 214 625 641 373 591 276 299 238 599 273 599 300 130 382 91 359 511 473 395 554 619 159 382 578 611 486 338 217 343 601 605 281 262 491 241 452 365 632 65 399 177 34 367 488 122 72 457 56 2 146 700 308 205 402 671 464 140 77 676 491 321 298 459 636 419 12 292 311 211 548 295 466 347 336 158 268 284 263 374 275 239 106 383 13 300 42 432 152 580 308 405 309 198 665 168 427 658 229 684 310 352 15 206 642 510 568 346 575 110 254 236 132 538 558 444 642 646 311 219 12 395 292 246 519 124 42 234 237 252 46 104 178 165 586 311 290 93 468 39 457 54 322 380 301 501 670 247 510 129 695 634 312 227 529 35 439 262 667 665 438 667 395 300 433 485 26 139 687 265 668 154 464 552 435 428 43 549 378 132 638 228 322 484 223 147 384 137 293 248 142 49 57 233 186 17 485 486 446 336 263 228 603 380 617 525 559 202 11 536 267 682 494 227 237 19 486 579 635 247 313 230 565 417 16 194 122 315 412 336 507 36 510 683 102 509 654 251 427 118 326 624 233 77 203 310 236 143 664 607 604 456 21 679 340 363 249 425 399 254 108 528 397 6 164 465 454 542 448 217 189 352 232 253 417 22 134 633 88 396 57 650 355 397 488 278 170 253 491 234 677 458 8 689 691 376 67 366 45 274 601 139 538 183 22 62 207 647 665 560 230 620 207 418 275 664 464 279 112 607 547 25 222 554 593 655 675 630 501 117 673 446 413 268 205 304 346 512 227 481 20 191 528 687 565 534 123 207 387 647 314 644 29 354 329 287 659 332 357 486 99 461 38 585 225 58 634 423 285 656 293 104 683 644 624 418 640 141 356 202 258 564 530 522 375 443 617 107 671 422 544 235 526 487 508 505 443 519 334 521 506 609 346 377 581 333 452 360 221 279 134 398 505 525 502 234 40 380 402 532 689 534 296 573 145 48 554 592 24 442 597 199 292 675 160 138 554 507 232 653 474 436 394 534 212 391 524 92 359 689 236 289 563 261 158 493 443 250 368 161 51 498 200 293 342 660 625 379 87 465 636 62 314 179 106 532 422 435 76 679 391 677 138 225 317 437 663 259 50 619 650 187 478 509 81 466 152 54 306 199 225 658 329 90 653 252 392 174 624 444 136 178 334 455 77 397 691 365 316 356 115 638 175 615 541 404 481 472 470 488 575 628 360 349 691 159 422 357 438 338 306 416 69 278 213 337 655 136 370 131 42 611 74 66 530 640 63 637 377 204 318 673 421 232 98 359 204 675 466 606 562 225 689 15 284 353 153 405 443 382 386 273 125 194 577 124 529 567 214 692 570 605 503 603 531 684 588 387 225 662 619 347 571 350 330 310 172 212 110 263 508 604 289 246 103 585 303 664 603 338 259 554 668 560 291 344 547 616 445 1 424 472 452 670 385 113 8 91 419 235 498 352 4 83 101 551 257 327 641 307 364 346 78 259 431 267 561 390 5 149 229 509 3 470 189 79 144 443 75 47 588 272 170 652 345 78 339 136 461 449 55 258 543 313 58 319 593 574 135 96 135 691 113 697 490 595 412 154 476 319 95 137 384 124 190 248 452 563 116 283 611 260 512 596 209 448 462 223 363 398 678 490 251 12 521 454 303 97 528 166 157 463 43 623 390 197 71 581 571 643 318 258 536 326 95 241 450 680 274 610 699 618 580 256 605 97 137 360 698 244 218 292 234 214 291 483 176 233 494 466 667 541 651 148 70 16 489 593 547 65 419 16 56 438 210 290 521 473 396 56 680 212 360 85 629 167 365 194 87 310 596 389 401 262 369 361 13 125 638 246 606 569 155 203 110 231 340 37 204 107 345 290 500 139 624 627 412 96 672 503 403 625 336 683 670 531 572 610 459 73 381 381 176 525 641 458 453 357 52 300 625 186 83 228 421 169 46 562 357 551 211 653 677 48 238 565 428 406 385 468 1 175 62 527 538 165 286 463 476 
1000 800
173 474 710 82 72 196 637 412 405 654 791 76 482 61 349 736 511 690 192 782 765 347 113 11 679 359 119 189 371 72 628 7 679 730 392 789 444 597 510 465 52 328 411 200 331 799 248 696 799 239 718 312 445 141 529 790 525 707 160 196 724 693 25 161 172 2 620 561 123 187 333 132 288 118 340 598 390 352 357 695 758 72 188 226 751 613 226 132 762 161 292 133 756 203 634 44 673 751 615 257 729 768 497 83 656 161 66 702 650 121 14 506 501 404 133 518 119 12 427 479 631 158 38 342 642 587 765 226 423 122 200 745 481 792 66 156 591 535 587 270 496 191 171 679 560 414 769 593 442 269 371 218 384 284 638 26 538 275 207 346 134 752 209 764 166 479 513 757 315 718 273 302 136 311 178 579 638 748 303 38 748 633 748 366 286 621 606 265 105 427 719 57 633 174 700 588 517 758 54 440 335 38 523 163 619 270 370 630 150 624 44 384 666 290 134 266 611 308 291 32 637 208 308 162 713 416 161 296 582 787 183 108 341 732 427 489 58 477 50 753 577 734 113 676 105 401 426 677 239 291 239 412 176 266 518 762 780 212 522 639 296 483 410 198 703 795 427 715 458 342 473 612 12 753 153 434 722 727 478 663 254 677 553 215 39 17 314 394 298 200 368 103 57 57 392 476 170 633 576 783 331 53 36 52 703 237 241 427 398 457 335 289 544 690 451 593 342 714 567 170 241 332 343 177 497 535 670 28 164 325 597 659 323 153 58 541 8 528 393 434 708 38 69 309 595 422 427 258 518 737 743 125 134 669 767 421 52 493 406 649 485 268 146 54 237 523 368 411 738 463 282 410 196 5 414 459 488 389 612 499 43 663 581 552 110 795 240 129 742 182 114 37 799 433 69 738 254 358 690 703 105 271 740 256 645 9 400 346 504 485 135 796 159 549 384 345 750 212 56 201 533 259 599 383 746 625 666 256 756 748 626 3 471 81 677 583 752 446 790 542 111 734 680 235 195 612 702 345 732 552 14 400 319 715 491 364 227 128 147 242 749 255 644 686 294 225 580 480 400 283 514 677 372 645 649 731 490 504 616 473 283 774 23 31 692 4 380 133 711 765 495 543 486 292 62 161 479 141 635 278 331 693 505 125 136 369 720 38 714 394 226 281 20 571 319 394 510 773 749 109 328 549 726 725 288 303 33 703 521 680 628 518 416 79 532 500 435 447 10 168 797 647 136 483 5 775 268 263 477 589 113 772 365 340 745 198 369 343 330 305 456 205 60 318 532 505 239 344 288 167 432 6 443 100 333 708 585 759 581 341 511 469 553 253 768 293 614 130 58 653 330 513 609 499 56 738 32 723 376 422 694 118 58 130 460 144 82 630 247 40 126 736 516 9 648 122 638 520 4 761 420 642 204 68 736 66 675 348 616 606 238 412 28 146 277 623 276 202 404 519 59 88 130 222 559 713 615 186 528 338 262 520 680 466 695 750 182 440 19 591 609 171 96 595 44 703 355 691 468 607 363 374 323 722 598 504 439 721 442 673 140 122 267 146 445 406 709 617 618 680 745 155 628 413 636 547 69 403 199 82 681 81 752 73 619 722 118 292 261 140 620 632 223 166 489 598 529 446 698 249 195 83 776 733 658 331 193 431 200 179 111 696 152 616 777 506 56 226 672 758 408 169 684 514 675 528 53 374 772 54 644 384 689 284 207 196 524 559 183 90 704 432 753 410 31 551 544 122 115 140 648 9 113 32 344 173 432 292 400 231 465 558 646 566 452 357 419 354 562 792 344 735 17 789 106 686 304 649 541 470 503 136 49 551 236 504 22 252 775 216 340 95 573 529 105 384 355 125 189 525 95 619 567 438 136 53 228 795 120 781 527 737 794 61 300 155 629 444 787 575 20 787 119 181 555 157 308 110 337 459 797 100 102 549 531 225 222 362 618 228 707 2 215 494 680 738 265 526 116 717 488 341 420 480 79 710 191 229 13 745 157 586 140 512 493 38 340 765 795 337 572 512 498 27 154 231 421 170 452 164 663 331 493 113 63 603 312 224 798 512 36 260 336 387 639 199 781 523 559 60 132 440 148 32 55 116 423 508 688 346 223 237 548 758 620 8 166 760 527 502 261 726 36 433 107 507 552 173 155 648 45 143 467 527 519 243 788 149 307 485 211 642 8 244 537 70 677 493 576 98 107 477 249 130 298 297 362 256 682 185 151 493 386 363 785 2 543 86 681 704 587 674 33 228 511 280 657 62 591 172 
1000 800
66 91 193 189 10 124 130 43 100 128 21 174 82 101 34 119 55 142 178 51 154 35 106 68 188 167 131 76 91 197 188 45 109 90 157 81 36 121 98 81 120 108 199 56 134 4 112 187 14 97 30 42 121 169 10 77 190 183 133 102 131 18 32 194 150 48 111 171 133 159 100 145 139 185 175 37 48 174 128 155 82 108 6 170 82 63 104 146 79 45 31 120 195 120 60 132 126 33 127 136 159 133 96 48 8 12 74 10 40 38 96 8 151 157 101 98 11 163 192 2 42 150 105 17 78 95 113 127 149 117 17 88 101 49 188 69 31 38 192 112 0 21 7 25 49 58 176 31 32 131 53 89 103 194 62 14 111 136 183 173 88 187 56 155 174 12 156 8 194 85 175 61 67 99 38 200 39 191 5 25 43 177 126 146 86 78 146 131 45 106 144 132 190 12 141 104 181 78 69 106 56 172 50 156 43 7 9 115 170 92 165 131 0 22 16 47 22 59 86 100 1 76 141 140 150 158 6 23 115 139 118 194 92 191 103 110 63 98 94 67 71 92 168 5 49 122 75 89 19 149 102 140 57 107 14 47 46 144 94 54 19 77 118 111 68 36 199 148 112 48 176 38 5 7 58 168 104 133 18 120 167 168 155 167 97 81 196 122 104 63 61 165 87 155 54 165 86 179 170 145 195 16 60 117 171 73 50 96 80 32 1 130 101 40 49 61 100 185 28 193 126 41 152 184 23 60 79 36 70 89 32 15 152 48 131 174 43 135 20 186 171 94 133 85 15 155 188 187 86 38 163 51 166 156 7 77 46 2 157 147 102 117 74 164 128 136 60 183 182 88 43 156 183 98 55 10 126 155 173 155 106 82 183 97 48 193 135 76 144 55 157 63 6 17 176 165 94 126 168 194 75 166 184 98 114 9 158 131 178 198 56 44 89 6 94 38 153 63 18 61 181 152 9 160 192 124 189 114 10 72 26 158 44 75 140 185 185 94 53 49 12 51 47 62 132 33 54 35 26 68 88 186 53 132 90 130 133 176 166 13 46 49 125 197 186 187 127 20 117 86 97 190 176 46 61 67 45 51 160 102 68 10 133 156 95 32 76 146 112 197 34 17 49 3 175 128 179 176 21 48 69 13 159 73 180 78 123 132 144 195 78 154 46 158 166 164 132 37 37 67 3 14 130 121 64 65 70 37 129 108 153 2 13 62 45 63 20 55 17 161 92 76 130 101 79 57 139 62 189 66 182 104 111 44 166 104 97 103 94 101 68 177 138 12 165 99 168 146 132 1 198 156 196 73 26 4 53 199 109 197 43 24 55 125 54 110 69 122 140 132 181 59 108 96 176 158 67 41 67 163 2 11 132 134 145 53 51 65 101 128 51 83 36 95 187 20 105 120 52 145 31 171 21 138 34 135 187 73 118 73 184 103 37 41 108 95 9 162 94 77 127 8 128 136 121 84 183 109 178 198 143 54 181 149 24 23 161 6 200 199 156 121 77 31 65 171 88 35 79 52 135 124 177 39 198 48 173 15 76 0 60 50 159 180 133 63 126 85 24 9 197 89 82 169 102 80 108 96 5 16 160 168 178 128 67 115 185 23 145 176 122 106 108 2 141 93 189 188 44 44 139 12 200 163 151 28 124 80 187 86 125 80 113 74 34 44 57 139 94 49 72 8 39 199 175 67 25 49 71 126 192 104 191 96 9 111 93 162 94 46 187 180 37 18 54 44 158 113 174 190 73 31 127 60 115 21 3 73 175 79 45 125 32 115 89 37 1 147 100 147 69 118 166 38 120 187 189 85 126 154 186 129 131 168 127 172 146 151 61 39 152 129 84 25 94 4 68 52 159 115 53 2 83 136 122 49 30 170 112 24 177 117 27 74 101 185 88 129 33 105 26 5 152 54 89 73 20 44 33 184 167 38 5 151 68 84 200 71 67 101 149 40 191 78 76 101 54 9 32 150 32 105 126 103 75 58 158 176 85 177 163 137 152 132 112 44 28 175 155 39 169 31 149 46 126 89 71 17 169 101 43 36 49 85 122 84 60 188 100 10 152 185 154 171 71 46 8 32 55 179 65 15 165 137 126 122 99 71 95 169 42 31 170 165 184 153 149 95 55 71 9 178 75 117 126 34 153 180 47 80 6 17 93 89 80 195 156 194 122 168 192 105 55 114 182 132 127 99 2 105 49 112 78 14 170 162 169 157 187 29 170 140 20 193 100 129 87 96 116 168 85 141 44 94 191 81 180 49 9 160 
