10
10 4
2 4 4 3 2 1 3 4 3 2 
10 6
4 10 3 9 5 4 6 9 6 1 
15 10
5 6 10 1 5 5 5 1 3 5 5 2 7 1 6 
100 20
6 3 10 10 2 12 18 17 4 5 1 10 5 19 12 8 2 17 11 4 19 15 13 20 12 16 8 14 10 17 9 11 6 7 4 6 4 10 14 20 17 9 7 4 6 8 16 2 13 2 7 15 16 12 2 7 17 12 15 14 2 9 13 16 16 14 1 12 11 15 18 11 3 9 16 2 10 14 19 2 7 15 17 17 14 20 3 3 15 1 20 6 18 4 14 3 5 18 8 8 
150 50
35 47 32 45 14 31 16 40 16 7 43 7 49 39 36 18 24 35 16 12 12 47 26 15 4 46 44 29 4 40 30 10 22 18 10 16 49 48 1 13 26 11 8 28 35 35 40 24 15 2 23 5 42 14 13 18 45 44 20 17 11 20 3 32 33 15 45 50 36 14 1 4 46 15 26 37 11 4 22 3 14 12 45 36 49 40 4 47 29 1 32 45 8 48 3 5 49 46 50 27 34 28 1 6 36 31 30 45 29 8 11 38 28 30 4 36 17 6 8 27 45 39 26 26 6 13 7 4 7 8 45 31 37 31 32 20 43 39 49 6 42 46 40 7 26 15 22 32 26 50 
100 120
98 23 41 3 14 79 63 33 70 3 2 9 67 2 83 8 77 17 80 20 53 72 27 37 7 14 36 16 50 61 112 111 50 21 49 17 64 13 88 120 38 55 83 32 26 91 100 48 64 23 111 97 53 20 52 71 77 67 59 82 91 83 112 92 72 1 13 67 4 114 115 56 96 17 92 77 35 67 82 50 56 66 104 53 110 4 29 22 55 36 17 85 15 115 25 108 92 82 98 45 
1000 300
89 2 94 35 77 141 10 87 124 112 4 177 58 61 146 159 47 164 64 113 139 43 2 143 178 160 90 94 165 27 54 71 152 104 23 128 174 86 74 87 176 51 32 88 184 137 74 34 97 162 65 97 186 145 8 179 41 2 48 178 20 195 186 10 7 190 189 46 49 52 144 98 57 138 95 147 188 86 42 49 192 92 44 93 115 80 22 38 64 102 35 128 126 97 98 53 101 37 47 56 149 26 123 49 103 187 30 166 87 82 85 27 188 36 175 96 104 182 3 140 31 84 58 59 118 167 140 150 195 182 131 83 27 98 136 30 186 149 46 177 21 95 71 139 133 65 178 191 7 38 141 58 23 80 138 161 6 115 81 23 89 45 150 28 49 23 113 140 199 112 172 4 121 110 35 17 123 95 135 188 191 171 155 91 30 39 90 3 173 71 171 4 198 110 127 138 151 25 1 187 196 133 164 99 30 3 168 116 200 185 158 125 15 174 42 93 17 98 150 89 13 183 51 123 180 153 193 25 49 62 46 38 180 130 61 20 70 56 51 126 103 96 106 5 162 93 76 144 35 195 60 64 33 64 112 47 7 119 25 130 90 128 109 16 142 25 184 164 66 133 140 33 72 89 150 188 24 64 50 74 187 132 187 171 193 86 108 59 97 46 143 46 167 18 43 152 150 132 198 146 13 102 101 33 95 176 190 39 131 191 182 40 40 93 113 155 102 126 14 106 86 49 43 82 69 133 115 85 85 195 6 30 196 103 195 90 11 27 123 18 35 87 55 147 87 7 57 19 62 167 137 76 53 141 200 86 93 139 77 7 32 81 111 8 158 69 115 154 63 123 156 25 43 50 21 128 64 164 156 29 166 139 77 141 2 116 100 106 100 80 91 69 117 120 19 136 124 101 72 14 93 150 178 190 196 105 46 60 110 79 195 171 36 17 137 141 180 74 136 117 22 128 100 23 198 93 89 107 68 86 126 21 200 65 172 121 105 79 7 148 184 11 186 58 27 169 184 24 61 197 149 180 18 2 54 128 199 73 41 88 32 170 176 39 37 185 85 191 30 143 43 141 126 120 194 81 63 150 156 127 165 180 18 70 84 21 179 95 102 117 107 199 98 80 192 67 161 149 140 88 17 192 148 13 168 92 22 18 136 148 29 120 138 105 105 133 108 11 102 88 185 1 41 41 5 91 105 91 38 117 9 2 72 76 26 82 106 195 134 91 52 83 19 189 77 173 144 15 177 69 24 176 110 16 165 81 22 54 136 4 91 22 23 72 3 89 181 187 102 1 39 67 21 153 49 73 105 75 182 24 137 171 142 26 61 5 79 77 65 59 186 164 200 74 44 80 95 101 71 115 159 145 117 18 108 26 58 151 199 27 172 147 195 24 122 59 133 53 13 165 67 166 69 6 57 111 179 189 46 139 101 70 24 147 97 126 121 90 158 181 64 42 17 123 184 186 23 46 170 25 31 187 1 169 200 106 162 5 144 141 145 26 74 2 161 69 192 136 161 151 49 84 62 60 55 159 63 14 66 157 55 163 85 68 143 18 128 91 80 108 88 99 111 59 90 177 156 36 72 64 15 175 74 182 182 125 8 96 77 80 64 63 47 117 122 53 1 93 121 200 136 162 53 138 169 148 89 6 186 2 94 152 198 85 136 86 73 13 167 30 165 27 88 84 168 43 32 184 75 126 3 98 168 46 92 192 186 197 54 118 132 156 186 74 54 12 52 31 116 107 40 181 16 77 192 186 46 138 59 30 83 167 39 140 131 182 37 44 50 136 55 82 139 200 170 192 93 184 169 66 149 131 38 6 178 192 187 36 200 30 49 72 31 11 71 75 143 186 115 171 105 10 151 184 33 53 145 61 193 78 18 87 47 118 20 172 11 82 64 95 178 23 160 127 128 65 99 19 190 168 15 34 34 108 131 50 183 22 112 182 39 14 30 126 144 46 84 175 101 61 65 173 148 181 10 35 159 75 124 55 76 92 4 27 186 149 119 122 15 14 59 15 22 2 95 89 113 111 6 2 110 163 7 26 135 72 86 185 106 88 25 106 21 169 93 65 165 117 21 181 176 5 87 26 180 38 169 139 87 56 137 55 88 90 54 3 110 155 196 100 14 84 103 38 116 118 54 27 57 141 16 123 144 151 186 199 196 48 138 138 39 150 140 119 30 32 143 150 127 25 174 64 114 39 59 28 23 62 89 55 115 32 112 179 98 153 69 189 41 91 128 130 5 10 181 175 79 119 51 156 
1500 700
397 339 106 9 666 174 107 607 432 300 496 316 312 229 492 685 81 267 177 446 239 684 225 283 577 300 614 256 663 450 433 542 381 522 572 63 9 371 290 537 430 121 245 248 45 55 12 549 291 41 605 279 562 228 287 218 568 641 266 175 103 184 158 606 527 399 21 577 535 383 480 498 346 589 200 603 104 136 602 547 92 671 654 519 423 66 650 318 295 147 51 332 492 339 214 101 54 404 469 290 30 512 559 596 15 225 288 360 280 29 123 85 187 543 633 107 424 666 567 49 301 576 334 593 504 511 184 290 21 564 65 271 241 28 687 477 56 591 119 157 107 335 337 6 452 570 213 81 680 601 482 164 236 324 122 264 693 243 203 130 665 285 111 179 654 572 201 241 485 2 280 172 203 29 77 224 513 218 270 274 631 396 668 561 698 471 191 607 369 283 161 646 311 421 344 288 133 626 191 139 183 11 283 272 283 242 488 335 489 12 22 382 422 232 41 407 344 504 76 525 248 518 487 376 56 608 7 202 143 668 644 432 59 163 205 339 145 539 644 403 520 7 622 509 358 636 42 545 188 512 146 129 377 172 300 98 228 286 487 532 438 90 571 39 71 634 394 71 135 254 343 520 457 548 540 491 539 542 303 475 360 60 348 274 334 297 642 28 522 585 426 557 538 604 407 253 634 138 651 358 381 15 272 542 440 392 216 81 663 432 79 402 553 31 528 174 304 119 181 690 309 92 113 253 667 11 381 228 696 308 288 635 212 632 249 697 242 614 581 31 9 41 560 673 635 451 223 90 227 575 191 462 519 588 450 404 73 155 468 350 193 461 464 606 539 70 445 274 192 284 363 526 394 450 361 676 41 583 39 694 528 317 610 309 105 368 687 80 424 345 510 181 577 226 390 44 122 387 670 680 174 16 565 513 205 47 278 21 140 601 389 506 213 291 464 267 374 328 540 600 277 54 517 67 617 257 13 172 408 158 545 281 194 104 14 687 502 460 527 592 473 635 420 511 46 97 579 328 395 430 379 557 219 396 439 138 81 314 77 307 42 364 543 605 433 215 187 369 106 74 255 381 74 689 602 544 299 114 156 82 290 543 191 131 490 172 116 172 90 325 249 293 53 661 408 132 68 673 418 144 649 314 27 86 354 46 604 55 77 312 528 639 489 58 123 671 173 498 102 336 140 215 235 298 122 24 545 154 464 410 270 487 609 212 284 97 473 330 139 449 319 627 689 431 464 479 492 250 67 504 563 2 214 620 358 89 615 367 88 311 154 692 687 553 15 239 683 443 579 358 682 595 673 122 700 283 442 487 579 598 129 206 349 242 252 269 219 588 600 533 44 598 480 623 425 648 432 18 308 228 322 260 366 223 47 512 368 259 487 280 388 208 592 57 446 190 513 541 329 693 231 264 310 56 219 525 349 676 212 414 152 30 348 174 256 676 132 77 202 189 462 488 490 224 463 673 597 588 696 403 416 583 511 142 365 527 177 586 214 156 429 193 183 282 461 520 289 261 4 334 443 362 160 565 636 690 386 630 304 502 648 614 8 292 434 313 136 93 263 390 512 518 487 559 79 528 69 345 301 251 700 301 267 305 319 152 643 490 92 39 698 509 539 412 596 558 592 74 344 684 237 21 305 574 198 70 137 250 196 43 518 583 168 24 667 525 301 618 65 249 215 98 289 471 519 674 259 355 668 443 219 467 631 637 122 561 640 218 262 573 74 55 128 617 290 80 508 235 155 475 126 520 84 13 692 271 545 246 379 188 595 606 293 403 345 326 136 62 288 698 527 542 208 436 226 72 84 564 457 154 53 70 239 140 598 401 623 32 383 155 621 672 497 130 468 482 21 633 619 298 424 442 509 581 21 605 636 148 282 241 85 574 594 145 290 360 264 559 572 510 487 290 393 584 97 657 355 338 692 661 467 304 212 228 200 519 564 664 406 604 373 76 51 314 496 584 310 56 521 122 655 156 255 467 474 686 410 78 499 29 497 451 103 267 361 575 396 593 411 96 577 531 38 641 255 38 49 22 308 208 30 180 36 65 654 254 630 30 5 169 264 302 687 331 350 150 653 495 453 529 124 135 133 685 40 397 269 158 555 539 285 160 344 380 26 684 24 387 189 129 538 413 104 225 592 449 88 586 450 638 429 199 592 14 515 401 510 449 640 302 434 624 430 351 555 401 355 112 560 151 208 213 570 393 506 600 468 470 378 446 76 302 591 442 151 385 522 284 86 373 172 366 609 215 78 323 509 204 524 261 260 540 196 354 54 258 405 546 323 158 364 186 273 216 403 579 270 615 481 170 149 529 380 335 270 314 351 400 3 455 625 600 456 589 631 562 95 672 678 563 309 126 351 468 435 607 486 282 222 462 290 69 115 337 321 278 503 677 674 51 252 326 245 471 220 184 37 70 92 123 111 162 597 665 155 250 510 134 558 236 319 512 439 570 615 231 698 530 401 480 362 620 633 367 332 182 38 247 647 278 644 127 645 581 27 45 432 660 286 604 339 164 434 10 409 640 545 295 438 628 352 559 387 530 509 660 352 172 65 294 230 180 348 87 185 668 524 696 678 640 244 653 644 531 89 452 39 480 587 465 453 544 594 223 414 471 513 538 507 354 654 367 206 370 451 42 303 641 499 157 209 465 492 113 437 225 119 255 373 366 615 212 563 676 655 548 219 351 529 589 635 331 260 347 625 211 595 83 97 424 321 405 6 538 570 345 375 13 317 107 480 364 69 495 106 628 358 139 576 636 626 629 687 486 517 133 224 92 328 646 37 258 263 557 551 360 135 556 213 564 46 86 52 215 600 294 115 249 305 171 121 350 82 651 671 453 292 6 165 349 90 181 383 84 26 251 521 476 510 582 593 659 435 457 70 103 503 317 74 164 444 504 94 161 78 548 77 556 414 458 237 372 279 697 478 510 533 394 571 391 124 350 105 469 438 543 154 190 512 577 450 367 195 175 150 39 267 17 279 624 175 105 145 675 485 176 311 436 305 590 281 172 614 219 223 107 80 572 282 332 678 249 493 397 164 161 651 585 415 30 104 387 311 68 263 252 305 571 166 474 406 249 184 109 508 85 616 459 374 199 585 666 217 503 421 384 527 17 229 343 123 283 685 39 557 132 472 400 332 569 434 229 464 555 472 567 278 77 236 687 605 700 617 275 337 507 274 173 291 299 527 277 122 324 681 281 170 685 563 319 515 440 208 660 472 326 565 600 579 12 675 111 4 345 203 223 239 612 341 20 226 243 610 32 238 148 80 438 36 617 124 595 99 51 251 315 655 439 272 253 647 433 606 260 284 446 460 474 290 100 367 69 377 541 657 667 341 278 666 250 50 313 697 540 536 562 536 142 123 33 410 224 387 324 191 101 657 376 87 477 
1000 800
542 27 381 793 624 771 259 638 67 691 429 502 188 696 468 720 198 791 76 88 671 669 126 359 601 681 81 626 29 531 277 719 479 692 16 262 291 721 219 670 87 139 475 747 255 598 782 225 365 186 420 799 528 419 678 167 167 53 594 39 55 196 555 478 337 254 117 641 317 793 754 444 113 363 763 433 754 78 599 239 316 593 59 194 383 305 27 65 790 684 103 83 778 725 570 265 561 181 19 346 174 12 521 452 574 403 176 39 663 497 75 709 293 593 75 505 245 797 494 83 397 130 19 549 104 441 668 625 72 501 95 50 72 261 334 613 741 126 565 158 244 169 133 798 306 120 3 397 515 81 137 510 571 88 465 441 402 402 263 681 302 38 442 82 115 241 578 598 205 707 486 741 47 575 525 255 663 395 226 61 39 517 272 325 530 183 114 124 5 714 414 2 617 43 579 423 457 36 426 347 555 516 339 550 115 772 503 190 295 60 568 118 765 99 382 615 107 752 233 466 117 237 181 680 347 35 129 104 50 267 452 798 62 4 517 3 188 2 481 43 91 317 680 709 591 116 439 199 527 230 123 595 714 499 400 799 218 231 522 4 404 655 652 6 553 385 541 219 105 504 706 362 21 658 637 800 26 211 216 249 589 733 761 638 649 203 443 111 778 184 475 250 738 382 260 669 89 125 3 671 409 124 120 169 467 406 126 76 236 45 409 314 241 247 640 673 357 337 790 305 227 17 492 208 533 249 159 244 251 427 509 230 751 321 228 140 555 444 239 238 507 352 747 146 361 211 614 675 756 688 190 683 447 259 351 290 689 239 706 478 11 510 619 14 96 785 367 370 679 355 664 104 691 200 715 115 336 501 134 668 756 549 230 430 428 281 797 741 75 473 540 324 214 303 587 35 322 639 367 753 433 554 275 501 664 55 463 239 641 217 93 264 557 428 504 289 298 126 633 648 288 775 404 268 259 125 107 46 428 657 224 750 738 625 325 569 779 238 330 202 17 267 270 20 358 762 374 433 755 153 410 329 200 428 759 450 574 570 249 592 536 65 761 162 573 258 638 655 119 385 554 380 49 553 163 579 55 24 140 136 292 64 721 733 319 538 402 585 499 193 3 254 497 760 495 104 302 377 799 612 553 710 393 659 350 556 39 421 753 236 6 47 626 543 691 639 138 189 81 88 361 597 222 296 292 515 708 179 406 484 746 694 588 261 640 263 333 121 572 210 62 675 45 663 330 291 670 454 491 9 711 798 555 516 561 719 638 791 308 645 406 188 760 259 624 182 737 175 394 442 282 140 406 587 368 201 660 460 319 608 508 325 191 295 22 499 617 499 591 346 498 796 398 143 61 660 407 776 95 156 90 447 382 687 724 495 686 670 384 489 110 154 365 329 23 630 531 601 476 444 149 247 41 727 379 783 392 348 683 361 407 773 518 584 213 351 375 512 83 547 408 540 609 365 241 631 123 439 752 659 648 636 661 277 330 111 576 455 216 567 254 732 170 18 494 406 91 6 45 446 175 444 613 130 375 532 273 424 242 77 140 785 613 480 621 348 249 370 375 157 308 54 428 20 593 532 133 353 344 251 444 115 482 186 74 172 443 359 706 444 782 528 614 449 760 553 484 513 44 649 652 472 742 333 77 155 521 230 623 544 558 552 417 655 391 80 697 402 224 166 651 530 608 138 430 162 529 648 459 368 587 386 699 301 484 15 487 122 348 716 211 556 614 194 41 431 526 791 643 221 791 481 234 579 671 332 267 162 753 428 120 273 443 489 151 603 387 497 15 626 534 717 778 210 330 225 737 746 311 211 757 528 372 241 555 116 619 339 703 102 599 265 608 353 336 704 324 326 778 655 144 147 319 94 217 559 107 9 766 552 537 134 2 155 440 789 641 444 416 111 691 531 308 698 633 515 617 392 132 543 50 549 530 4 646 74 213 272 164 367 539 161 529 328 681 500 7 472 197 612 559 254 245 582 139 471 680 651 528 296 225 789 655 511 665 15 68 466 625 217 784 529 116 352 314 8 271 767 513 637 160 770 91 539 110 658 310 386 212 257 69 519 114 393 95 453 123 753 475 290 459 250 354 82 115 85 584 309 248 596 521 630 258 133 422 235 50 511 337 149 675 635 468 296 301 16 515 155 621 412 199 193 651 196 6 314 410 10 465 557 721 503 202 194 757 736 541 226 519 736 176 220 701 107 42 364 604 186 88 572 267 663 141 276 646 237 457 166 641 574 284 343 56 110 433 467 422 202 436 535 
1000 800
136 112 193 165 78 157 167 184 74 7 154 131 4 179 120 129 194 174 164 94 28 84 133 48 76 146 121 94 66 174 178 112 152 195 195 41 131 46 10 68 4 54 27 199 182 95 199 146 8 106 154 158 76 19 58 12 10 18 179 110 74 119 198 108 28 135 183 37 187 156 38 115 182 119 200 109 102 29 93 171 116 45 116 26 91 176 77 83 45 135 165 91 124 22 141 67 172 33 41 36 100 112 190 143 102 140 124 115 121 131 85 35 133 157 120 157 5 140 188 4 103 97 129 9 85 170 141 140 6 6 141 174 177 157 54 63 154 136 53 133 60 89 89 68 176 125 134 99 73 38 94 128 159 28 113 184 46 47 3 116 102 57 125 193 72 54 150 173 98 149 186 169 68 105 89 41 106 152 136 193 94 160 0 28 42 33 21 25 97 27 158 104 138 197 143 55 150 40 28 93 0 22 61 194 139 106 11 182 27 2 71 92 90 36 54 177 101 103 143 44 174 105 61 62 125 18 141 11 73 25 52 172 15 36 11 64 70 7 58 23 25 101 65 166 32 173 32 54 105 78 126 90 143 94 54 179 75 114 190 104 64 49 1 116 17 193 58 101 82 29 82 115 167 77 83 124 17 17 88 121 3 54 200 58 141 65 61 101 120 150 75 133 199 181 149 94 82 146 57 110 76 63 20 177 144 163 41 108 89 198 140 35 133 42 49 35 162 33 150 21 84 186 134 67 162 71 170 72 21 191 101 59 150 85 171 102 164 38 166 31 122 192 114 123 72 77 135 102 99 101 130 0 99 45 135 107 46 159 113 11 161 91 163 1 162 20 119 16 102 129 2 160 140 59 35 92 155 176 68 178 30 46 10 153 77 141 16 197 2 118 16 111 178 171 198 51 145 60 124 182 90 148 81 154 97 15 170 2 20 148 34 124 158 164 105 79 31 141 75 184 143 166 173 99 178 39 87 4 166 25 140 153 162 99 20 152 102 65 17 87 25 53 61 94 195 155 181 139 42 91 195 32 91 9 45 178 31 183 39 19 46 184 100 183 151 118 93 110 92 72 148 15 100 108 150 129 7 67 67 192 81 193 137 86 182 54 38 13 155 191 37 134 119 109 45 78 32 170 32 188 163 93 101 15 53 50 37 9 100 85 111 170 77 12 73 180 114 51 110 186 141 46 135 46 43 4 100 106 120 197 95 185 141 153 122 37 134 141 30 157 156 170 74 111 38 164 174 200 49 3 39 74 43 57 2 136 73 62 106 146 108 112 172 26 12 69 153 178 32 29 68 177 24 146 94 41 18 24 37 96 166 118 145 6 107 39 134 137 163 79 97 102 168 47 144 105 197 136 78 141 145 56 53 64 158 50 86 103 143 104 184 147 57 4 49 46 153 152 82 67 138 124 30 152 92 50 100 60 74 46 14 165 73 17 20 51 105 111 195 138 72 73 182 67 184 135 97 43 7 177 167 199 102 48 166 57 91 29 190 24 162 73 51 183 189 171 159 106 44 197 101 115 126 27 41 173 175 139 20 120 185 59 17 81 106 56 96 115 34 150 139 99 137 92 43 41 34 92 86 82 176 100 178 14 48 13 44 191 177 159 57 18 21 87 172 22 59 118 20 169 149 80 6 103 117 66 52 177 185 189 174 119 157 82 87 154 33 198 30 123 58 56 115 93 58 125 124 4 90 31 82 59 161 91 198 149 183 165 36 123 153 54 115 87 194 60 42 173 189 88 135 158 58 59 192 153 69 101 24 65 166 142 140 133 91 197 124 89 157 149 198 85 147 83 150 96 179 49 108 64 60 7 172 28 86 65 37 154 149 135 24 120 150 106 0 196 101 155 111 196 26 195 166 159 78 120 142 35 75 48 155 50 200 10 68 31 77 198 75 144 38 129 75 32 118 104 98 120 188 114 162 101 19 172 45 193 16 179 94 178 162 187 62 117 183 59 156 84 187 3 163 56 113 195 177 147 123 109 24 101 125 105 165 184 136 170 106 112 100 193 125 27 119 110 176 194 83 42 97 34 47 112 15 151 13 142 73 55 5 199 104 160 63 192 155 6 116 78 123 87 90 30 94 22 166 17 6 183 188 48 76 28 67 129 68 109 126 10 5 25 61 120 24 102 171 65 26 1 72 11 171 146 182 149 71 79 47 161 193 44 169 82 36 121 181 198 193 175 115 54 103 75 148 109 121 122 128 91 90 7 162 189 61 47 55 107 58 197 80 175 94 120 104 43 159 132 51 194 67 152 
