10
10 4
3 4 1 2 2 4 2 2 2 1 
15 6
5 3 6 4 2 10 10 7 9 6 2 4 3 7 8 
10 10
7 1 9 6 10 10 3 6 1 6 
100 20
3 12 10 1 10 1 6 4 2 2 9 13 2 2 8 4 16 7 9 10 16 4 17 10 18 11 13 14 14 16 5 3 8 8 3 10 14 2 2 17 7 10 16 9 17 13 18 12 9 12 15 10 20 9 2 15 15 17 3 11 18 11 4 5 1 19 7 5 18 18 20 7 4 9 8 14 20 14 7 17 1 17 5 16 5 19 8 17 1 8 13 6 12 17 2 9 5 19 7 15 
150 50
47 29 48 22 5 11 28 33 22 42 47 16 17 20 1 20 21 23 1 41 28 28 43 34 48 15 44 43 18 31 18 16 6 45 43 3 41 1 29 3 1 11 45 48 33 44 29 20 26 28 12 44 47 28 28 33 2 26 5 6 8 49 39 9 39 26 31 41 48 44 3 33 30 18 35 33 35 3 13 28 3 27 33 15 45 18 13 6 18 37 31 6 4 19 44 47 23 21 17 42 32 5 8 28 21 26 37 47 28 7 47 26 33 28 13 1 23 25 11 30 49 43 48 20 47 19 15 14 7 35 41 39 22 44 18 38 32 10 48 37 50 2 48 48 3 43 20 14 26 28 
100 120
95 46 84 60 73 70 88 95 80 91 94 54 42 19 65 24 29 83 35 3 12 69 99 32 42 13 18 59 26 61 85 59 105 107 60 57 93 21 101 1 39 3 15 14 71 113 28 117 83 45 32 79 96 107 93 91 38 74 57 15 28 72 44 55 81 24 34 48 30 57 39 65 54 23 80 103 103 31 64 46 33 54 83 17 31 80 52 7 105 58 100 11 21 29 109 99 89 110 97 78 
1000 300
113 171 119 174 79 93 195 59 119 103 25 102 165 146 107 92 200 58 96 169 164 69 37 163 29 122 74 80 43 50 188 97 94 49 52 100 46 13 40 105 23 135 119 55 82 179 85 55 178 136 47 108 191 6 167 72 182 70 42 191 70 65 19 96 111 177 52 54 116 71 175 60 114 165 162 99 84 89 148 197 94 125 73 57 103 59 159 57 110 137 79 195 53 162 193 38 36 55 47 189 141 48 185 104 36 192 128 63 191 178 195 3 95 85 177 31 173 172 93 152 62 179 134 131 193 138 96 9 130 94 30 198 166 165 188 192 143 8 172 160 98 47 60 71 127 146 84 111 94 136 104 182 136 192 31 34 120 82 5 105 128 103 32 137 141 59 146 47 50 61 76 171 147 135 84 64 144 137 137 189 15 91 16 79 157 101 25 34 198 32 180 112 168 45 147 82 87 12 15 5 22 161 124 62 158 112 135 126 168 53 51 155 35 82 22 55 194 193 20 105 72 97 10 42 180 29 7 46 113 32 155 109 25 45 51 68 106 118 70 130 193 180 108 135 137 64 11 24 135 5 26 72 77 23 2 109 116 162 108 140 80 183 182 58 21 184 20 15 47 56 57 191 150 70 7 179 187 152 152 66 103 56 70 55 85 7 28 168 38 45 180 188 112 161 76 194 114 42 67 95 95 136 146 23 114 161 167 1 164 130 126 149 131 36 164 176 11 168 18 192 45 121 15 190 170 124 136 156 147 192 181 94 54 62 81 144 158 49 72 166 59 1 3 102 85 40 113 107 165 57 99 8 64 74 139 36 58 172 186 166 149 71 45 69 91 78 173 133 69 16 72 128 8 194 173 31 29 50 174 68 53 30 194 76 80 73 140 67 93 77 30 180 29 193 23 71 65 55 15 139 102 197 35 121 87 18 131 188 52 76 174 84 32 63 59 125 21 76 39 95 19 59 159 80 122 9 194 122 106 39 51 40 189 7 42 96 149 164 102 94 140 138 69 84 11 17 182 29 90 172 116 56 170 19 105 118 190 16 42 43 38 34 198 44 2 10 139 109 115 59 125 109 89 102 154 48 1 153 123 147 151 184 182 135 90 14 47 12 64 120 191 128 63 54 107 153 56 47 137 160 116 75 185 47 87 164 130 15 125 105 106 101 162 111 109 121 193 189 67 92 140 44 193 69 84 3 88 66 71 3 59 82 78 175 190 50 128 188 9 125 61 89 67 6 58 31 198 22 80 157 57 93 128 188 166 135 84 28 72 139 181 35 41 77 169 26 1 106 85 91 82 131 152 175 140 158 86 47 8 135 105 23 72 199 46 142 75 195 153 102 36 188 193 42 82 108 82 144 119 19 35 75 130 140 155 2 8 162 187 85 26 148 187 69 138 139 69 44 78 197 165 69 66 151 92 187 43 135 179 108 9 30 23 116 80 19 46 143 90 115 34 141 198 115 80 79 105 131 22 192 107 90 109 137 74 194 6 73 93 7 83 4 85 85 90 98 127 45 68 125 188 38 110 179 95 62 82 122 158 79 128 103 103 3 62 16 174 65 8 164 16 193 112 137 137 155 142 199 86 6 39 91 176 160 46 80 147 53 6 177 164 15 5 22 111 72 17 114 91 105 182 58 152 180 174 182 15 6 69 125 9 154 101 121 150 49 1 40 107 103 191 13 87 193 110 89 8 112 167 174 34 105 125 9 2 103 106 185 158 18 120 196 49 199 122 196 12 194 103 15 185 142 167 121 37 39 37 139 97 147 22 170 14 10 110 101 75 40 61 26 176 58 122 82 166 170 154 16 124 36 123 23 16 29 173 90 179 138 65 172 138 182 195 43 12 80 94 71 190 147 155 111 76 195 152 189 93 109 128 66 190 56 16 88 86 13 120 37 87 86 150 57 39 32 27 100 195 95 176 182 20 46 147 137 151 73 57 90 148 23 12 131 7 97 104 41 9 50 6 88 151 180 175 95 192 199 63 49 188 11 107 144 99 65 190 90 103 129 30 17 92 86 10 66 56 157 104 166 49 164 181 102 32 165 42 31 60 193 181 94 187 73 46 88 64 127 12 101 26 63 24 190 48 92 19 9 144 14 22 98 92 61 64 58 167 27 26 110 11 113 169 76 134 165 172 191 160 88 162 149 40 160 28 9 55 150 126 53 98 111 76 171 77 192 104 75 126 39 162 190 9 71 153 65 127 22 142 145 185 124 95 17 167 57 188 80 86 43 165 154 108 89 86 17 65 68 200 100 17 58 
1500 700
343 360 528 235 263 694 338 294 696 286 329 594 411 327 224 563 618 391 364 77 407 370 425 579 379 42 573 76 569 97 492 218 660 222 173 411 68 626 409 26 458 513 154 37 608 106 12 439 61 147 638 210 572 536 293 605 406 612 371 81 103 316 345 546 145 455 255 97 668 35 626 63 280 417 339 56 303 150 361 572 533 94 203 538 664 202 120 119 470 403 243 493 110 270 512 21 399 404 113 77 496 667 18 423 3 309 581 463 170 232 29 72 577 265 520 254 475 56 164 347 85 107 538 197 23 68 700 491 557 513 410 58 176 548 420 546 594 605 62 412 560 555 72 678 532 476 44 564 699 88 90 441 409 544 365 98 233 407 325 323 430 265 290 513 169 599 586 374 500 338 422 117 75 546 280 2 505 101 216 664 316 351 511 392 339 203 303 363 384 407 277 680 310 489 306 498 689 235 274 197 582 33 500 631 601 617 683 351 622 122 429 192 451 491 521 623 474 660 386 648 657 507 671 86 262 247 627 541 407 138 311 683 117 564 366 312 625 604 432 220 54 450 170 458 12 159 293 345 263 270 365 494 421 645 160 347 286 201 114 110 217 297 36 274 680 85 611 550 628 482 360 657 412 227 636 246 592 291 356 301 224 635 144 595 559 6 338 68 651 541 474 152 185 333 505 465 400 232 427 483 246 556 110 615 226 396 230 196 359 365 346 75 131 646 387 51 371 454 500 227 308 500 92 210 168 692 189 50 294 606 49 277 514 424 345 162 92 152 19 353 10 39 30 479 189 503 506 88 253 331 296 133 379 142 634 613 615 520 630 52 266 426 581 390 677 215 230 383 297 567 286 696 511 255 510 519 275 301 323 252 350 334 446 560 119 219 524 644 31 600 384 419 191 360 495 303 86 605 688 643 21 685 38 445 297 323 700 131 54 207 501 386 81 465 136 54 47 113 503 378 332 184 332 403 476 329 700 231 255 209 133 236 206 100 203 337 366 79 272 295 676 92 358 676 644 664 185 511 369 141 253 600 460 277 71 508 680 287 694 210 108 138 180 200 312 300 695 177 429 120 687 521 341 58 53 471 692 202 95 333 253 545 103 95 681 117 76 415 429 480 484 53 493 346 322 412 135 596 455 71 150 109 93 11 544 424 143 80 588 67 169 366 100 651 112 116 57 116 538 585 494 469 588 185 468 339 492 360 413 516 469 427 553 61 304 402 594 496 619 649 529 609 302 200 477 310 16 620 394 80 379 531 543 439 101 556 72 69 293 84 96 282 659 34 4 399 647 272 6 310 122 3 254 69 356 253 529 101 63 189 560 407 640 70 578 580 550 423 459 294 506 594 96 56 451 614 172 89 392 334 367 447 220 569 315 283 2 529 68 326 617 319 84 658 345 48 437 640 113 408 21 319 573 267 214 68 212 352 263 545 653 392 385 628 75 675 35 655 140 245 433 166 532 86 124 397 239 441 175 355 620 538 468 112 451 517 437 209 75 199 528 617 158 686 202 582 376 22 532 13 296 444 628 518 612 86 419 221 402 30 620 56 20 550 502 492 549 433 314 508 322 552 345 143 310 601 291 385 448 431 226 32 388 471 633 6 237 252 606 147 135 448 604 44 437 376 153 690 434 5 604 384 556 203 685 189 604 353 519 280 441 462 311 439 575 231 692 269 468 645 317 287 130 613 670 153 286 108 395 297 510 14 202 162 442 373 435 649 533 56 99 671 188 16 613 686 573 523 77 222 328 319 151 293 601 420 651 171 575 123 137 668 380 2 238 677 623 510 617 137 263 358 498 186 339 204 514 408 553 45 219 289 252 563 21 377 304 419 224 453 178 1 384 220 174 616 650 247 311 572 365 237 85 451 138 223 176 597 55 43 109 272 328 518 121 617 474 406 618 271 347 596 379 409 184 391 661 528 438 222 653 677 89 143 37 465 461 566 495 143 516 238 203 20 172 267 261 561 690 576 19 162 658 395 499 254 436 581 27 526 184 207 578 236 605 562 411 525 274 80 366 369 268 26 384 671 246 162 529 184 148 151 608 316 560 272 694 325 188 266 635 89 551 459 506 49 345 98 326 691 63 374 371 354 596 75 387 381 3 35 259 120 480 590 133 659 474 486 24 99 93 590 556 423 262 264 646 391 441 215 677 370 193 547 413 271 510 518 498 365 472 539 500 370 484 442 270 676 472 507 306 328 456 525 676 687 546 684 159 660 186 561 266 8 670 504 501 212 114 352 699 148 38 26 111 389 429 212 395 136 482 673 332 195 147 213 82 684 664 482 1 610 365 85 498 146 387 250 312 587 665 517 691 3 213 17 449 53 219 411 614 689 668 521 70 253 592 280 12 230 608 618 340 350 464 416 462 661 45 55 324 592 599 149 89 51 362 332 417 100 542 474 83 644 587 90 139 629 136 625 296 99 475 525 247 524 255 320 577 181 339 99 331 361 130 1 186 247 326 4 95 646 696 658 393 418 619 5 52 117 484 86 157 341 17 158 363 567 156 135 122 571 334 287 221 484 434 453 304 535 402 465 345 575 76 610 37 463 72 326 140 330 17 475 595 176 467 116 142 631 362 80 537 392 204 244 245 305 195 382 614 480 105 506 491 605 553 214 243 63 365 284 154 237 583 298 645 164 235 542 164 185 156 136 494 446 650 181 46 598 38 417 223 473 611 515 370 231 620 614 494 512 682 280 134 675 458 541 111 350 586 196 430 303 193 104 256 383 397 538 672 108 129 66 355 315 361 588 463 438 208 503 510 65 103 572 57 631 92 133 369 680 287 605 230 506 56 542 597 393 157 401 462 679 54 617 687 71 655 213 101 296 87 300 320 260 610 123 363 3 318 691 452 196 235 585 279 699 195 365 504 263 476 294 204 647 268 517 72 406 209 233 41 20 37 195 491 522 467 535 549 433 49 226 309 609 551 42 140 471 531 239 655 23 452 248 74 312 227 18 236 284 395 84 323 15 692 465 450 635 378 354 47 19 436 342 32 237 659 441 12 674 642 530 71 51 126 143 245 591 192 411 542 457 152 102 397 93 663 573 465 595 16 48 665 98 113 292 669 26 235 563 596 274 123 141 637 665 253 225 269 433 398 624 642 118 173 512 127 259 137 539 315 634 327 164 117 308 409 322 305 649 330 118 341 385 517 419 608 485 143 398 43 19 416 299 491 31 266 591 274 283 443 385 225 18 415 355 416 117 243 283 115 467 469 55 557 65 426 141 184 572 582 393 241 636 77 246 546 243 393 98 345 137 300 455 582 228 195 689 349 540 283 524 103 678 129 226 207 3 595 467 259 336 622 110 125 522 574 265 32 60 481 193 126 609 644 510 420 605 423 328 26 420 290 151 603 136 384 42 674 64 71 277 649 630 150 133 433 688 
1000 800
158 748 331 348 469 363 782 686 589 458 327 546 120 661 800 668 151 424 534 164 152 790 234 597 266 90 678 11 610 372 153 475 454 438 680 172 197 180 742 213 156 242 435 73 429 488 649 559 315 347 363 367 226 620 485 761 695 559 147 310 616 800 421 722 338 394 516 488 243 436 416 410 750 666 304 161 173 736 618 704 396 768 439 286 683 588 489 423 512 222 278 302 136 403 180 514 6 551 758 115 614 54 705 162 654 461 183 573 419 413 450 193 774 760 692 681 114 604 169 521 564 433 455 435 216 102 785 227 108 676 433 721 6 565 166 210 30 324 339 773 774 146 789 599 588 664 249 225 164 378 451 474 5 275 497 245 530 358 763 475 214 685 697 3 783 343 358 254 427 687 532 156 616 278 771 540 704 500 353 385 614 559 317 587 310 420 624 690 321 563 314 365 672 357 259 268 566 249 193 255 498 480 486 72 533 751 630 26 467 184 284 99 272 79 443 657 684 799 31 275 332 234 403 752 670 52 603 406 19 671 80 343 701 101 562 464 757 405 490 220 270 748 686 259 452 95 659 372 70 66 465 183 141 406 462 492 493 27 212 77 430 368 675 119 219 578 232 687 599 463 165 185 307 155 687 383 664 128 784 720 163 67 391 3 499 416 287 95 784 752 189 83 701 310 227 558 460 540 751 544 483 228 755 243 336 513 22 302 96 6 83 790 617 104 570 58 265 502 534 781 407 229 482 550 129 519 128 515 776 580 29 714 184 171 47 725 441 293 554 433 102 405 112 378 57 204 229 736 737 592 216 533 105 304 304 106 594 309 257 624 768 623 502 175 461 423 108 128 388 348 2 661 485 389 563 386 487 582 634 418 593 93 5 751 758 386 355 62 143 331 133 211 398 693 410 241 91 266 686 668 788 523 256 215 780 756 114 233 703 510 65 5 621 287 125 305 247 166 449 787 373 13 256 787 297 278 463 787 308 227 7 433 457 479 708 151 146 373 678 255 303 584 183 452 658 517 53 189 114 126 533 691 423 799 462 162 680 295 320 675 636 367 572 138 376 703 566 428 644 722 648 307 693 387 609 491 721 183 14 377 418 663 311 201 750 793 63 340 450 461 57 791 521 371 755 478 650 530 584 385 327 240 345 172 703 358 94 162 749 132 281 75 400 603 667 342 722 1 601 431 513 55 241 64 373 644 201 484 68 354 182 225 122 60 468 159 391 660 290 545 529 247 669 574 139 714 484 714 398 168 794 148 86 488 603 503 396 399 622 72 666 48 365 292 516 354 737 313 260 241 125 484 640 442 237 307 17 226 74 71 115 27 479 315 408 65 512 421 424 746 399 403 486 780 453 547 45 72 348 615 661 106 776 719 382 251 385 501 373 749 793 302 275 332 767 371 647 156 445 668 758 792 573 433 132 627 597 249 371 85 212 585 611 382 439 214 713 223 149 629 571 784 68 209 527 306 386 72 416 358 461 655 798 323 648 69 736 795 505 237 375 126 610 690 795 780 504 686 186 305 499 469 650 44 220 685 753 678 230 595 79 267 474 186 282 301 189 319 516 33 765 604 39 732 636 745 382 468 727 135 682 46 41 752 794 769 683 491 654 526 105 242 461 639 725 688 717 352 613 454 336 450 365 176 530 584 247 117 433 533 202 171 546 575 507 20 188 440 31 242 337 721 480 748 361 759 54 236 620 462 795 151 664 730 19 196 487 449 110 529 310 250 134 742 720 403 462 480 76 699 597 177 294 364 432 176 659 7 774 786 546 463 61 256 336 753 85 199 506 124 49 267 690 745 413 668 683 209 392 453 623 466 498 544 795 628 595 431 629 423 145 402 328 528 586 533 314 6 295 489 624 373 93 578 370 66 384 764 182 633 11 636 379 451 256 577 667 5 706 558 47 678 443 83 511 262 392 22 447 200 469 24 405 269 125 278 482 446 623 772 368 267 550 148 732 672 25 75 281 139 554 645 700 634 33 396 786 392 148 787 430 92 644 90 25 342 527 157 100 570 107 490 332 245 61 788 174 576 206 380 741 674 328 331 102 516 648 703 228 659 562 675 165 96 596 180 759 309 632 378 52 41 786 300 239 239 112 289 757 147 675 758 61 692 364 708 597 273 451 188 127 309 785 668 321 698 357 475 61 227 566 487 527 49 359 297 666 244 686 171 358 431 206 575 758 356 291 24 274 751 118 689 628 389 205 437 694 279 146 523 454 227 100 411 489 235 445 418 533 175 74 194 332 246 92 80 34 351 783 788 
1000 800
18 63 76 31 191 157 111 124 92 81 122 129 54 114 23 16 122 140 138 193 10 114 145 53 145 75 192 145 40 181 176 68 177 27 29 131 70 135 91 139 118 112 31 93 64 105 37 190 15 40 65 141 151 102 4 159 101 79 56 3 166 182 12 106 136 11 149 64 25 177 11 119 188 0 143 152 4 33 114 99 39 110 196 109 48 13 48 166 92 82 165 189 78 115 177 88 39 34 92 14 131 70 52 157 76 173 99 56 186 160 158 18 34 75 84 44 13 121 108 192 91 155 15 190 24 76 50 62 150 150 87 117 121 63 49 7 42 150 43 97 41 193 95 126 145 111 34 169 117 120 11 129 65 56 15 38 7 146 5 172 84 31 146 59 44 144 43 81 117 100 97 73 51 122 84 49 177 153 35 105 164 119 63 162 192 115 85 7 25 144 152 131 85 18 136 148 175 157 81 77 43 42 94 115 111 103 177 68 195 67 161 64 136 92 165 131 127 155 116 153 174 44 112 150 154 7 95 5 170 180 65 79 65 102 159 153 152 194 31 170 178 63 8 74 68 179 193 143 116 77 72 107 191 35 71 112 23 191 5 136 79 146 50 84 170 12 137 33 14 138 76 141 123 166 196 65 190 22 19 36 159 89 150 127 49 27 51 1 191 51 4 128 2 115 197 0 177 75 75 95 171 4 116 129 194 127 99 199 100 180 191 96 27 183 183 184 9 15 58 175 189 2 57 112 0 199 167 79 77 154 157 182 91 67 200 35 125 195 52 51 8 160 48 13 131 61 94 114 111 90 62 92 117 81 76 69 52 131 175 6 24 138 74 119 68 146 131 169 77 129 187 47 16 129 105 103 28 125 7 10 120 93 37 88 20 87 84 188 63 93 87 41 175 42 68 27 92 187 27 148 135 67 122 141 49 50 69 165 195 91 199 66 125 136 50 1 115 177 37 69 127 184 174 2 176 163 1 98 163 102 136 50 64 44 116 147 43 90 119 199 36 83 103 72 184 151 192 49 64 103 90 189 29 146 101 110 109 77 96 5 70 50 90 15 110 157 52 124 177 61 24 164 155 151 170 158 21 110 169 154 110 109 115 199 12 137 189 69 77 104 106 186 10 178 28 92 53 178 84 9 156 120 128 198 64 55 169 192 175 78 140 119 47 68 71 87 180 151 106 14 45 2 156 150 57 199 151 143 111 28 129 96 147 116 163 77 156 95 147 20 186 128 0 53 51 74 20 186 155 92 18 93 132 131 15 53 87 34 133 195 88 88 12 168 160 192 128 132 109 185 32 167 54 99 122 50 159 87 199 28 195 100 192 106 147 46 35 122 146 95 189 37 182 168 58 82 84 24 18 6 162 190 90 174 130 9 137 110 192 21 132 54 143 120 40 197 184 161 122 115 71 18 180 77 34 122 135 1 171 132 191 76 22 95 29 198 58 111 178 120 136 88 1 169 39 126 23 190 57 46 174 48 169 53 179 36 32 116 148 76 167 14 196 110 37 46 157 56 180 6 162 76 170 188 71 149 184 193 199 175 198 187 160 163 124 93 83 105 65 145 179 174 98 154 47 183 1 19 184 120 174 6 129 162 141 149 144 100 39 21 19 153 186 185 48 145 183 168 72 141 121 198 86 66 105 63 150 40 29 155 83 57 155 139 30 73 93 25 89 167 193 111 183 119 143 11 192 198 167 171 127 123 143 73 142 57 125 182 70 112 64 134 193 33 21 11 162 195 45 31 6 86 165 182 133 0 178 117 150 155 150 50 181 48 132 51 127 69 25 26 166 175 48 9 170 148 49 121 52 25 17 138 46 195 66 44 6 52 69 178 183 58 172 42 144 87 97 4 75 170 189 186 53 63 133 85 1 136 139 13 4 56 108 111 74 90 111 128 35 85 9 105 167 172 16 156 154 180 60 166 67 160 147 173 140 40 149 43 57 111 112 96 73 92 25 5 192 134 170 50 193 162 194 98 189 55 31 109 97 92 107 148 69 2 64 116 193 5 116 126 192 156 59 95 113 32 60 108 107 9 182 41 96 134 60 147 166 80 197 115 163 113 91 5 31 105 70 113 165 157 11 161 109 174 131 167 53 94 115 124 148 132 12 16 154 27 179 189 134 2 49 115 61 7 185 157 27 53 44 27 69 109 186 43 158 179 192 60 48 90 184 21 131 104 166 97 166 86 194 110 173 180 52 66 81 16 83 146 50 191 50 134 105 54 24 64 196 40 111 126 51 152 74 127 86 19 137 186 172 55 
